[0]
cc = 0
active_func = 2
is_fft = false
current_intensity = -0.8503932952880859
time_dialation = 1.157480239868164
decay_factor = 0.05511811003088951
lum_mod = 0.0
modulo_param = 2.8976378440856934
decay_param = 0.9132944345474243
